100 498
0 56
0 61
0 63
0 64
0 66
0 68
0 78
0 80
0 93
0 98
0 99
1 52
1 55
1 65
1 79
1 82
1 84
2 50
2 53
2 59
2 62
2 70
2 74
2 76
2 77
2 83
2 93
2 98
3 52
3 54
3 57
3 60
3 63
3 70
3 72
3 73
3 74
3 78
3 81
3 99
4 53
4 60
4 64
4 73
4 77
4 79
4 81
4 84
4 91
4 92
4 95
5 52
5 56
5 61
5 69
5 72
5 80
5 84
5 89
5 90
5 92
6 55
6 59
6 61
6 63
6 64
6 65
6 71
6 81
6 89
6 92
6 93
6 97
7 51
7 53
7 54
7 59
7 60
7 61
7 75
7 80
7 86
7 88
7 89
7 90
8 59
8 61
8 65
8 76
8 85
8 86
9 54
9 66
9 68
9 69
9 74
9 79
9 83
9 86
10 55
10 63
10 64
10 67
10 68
10 69
10 71
10 85
10 90
10 97
11 55
11 62
11 68
11 78
11 82
11 83
11 85
11 90
11 92
11 96
12 56
12 57
12 63
12 66
12 76
12 78
12 81
12 83
12 85
12 89
12 96
12 99
13 58
13 59
13 61
13 62
13 68
13 76
13 99
14 50
14 63
14 67
14 68
14 74
14 77
14 79
14 82
14 83
14 89
15 51
15 53
15 56
15 59
15 61
15 63
15 65
15 68
15 70
15 72
15 74
15 76
15 78
15 93
16 51
16 52
16 55
16 58
16 63
16 76
16 85
16 99
17 56
17 64
17 65
17 69
17 75
17 81
17 82
17 91
17 93
17 98
17 99
18 54
18 57
18 65
18 67
18 68
18 74
18 77
18 78
18 79
18 88
18 97
19 54
19 55
19 56
19 60
19 66
19 73
19 78
19 83
19 84
19 95
20 58
20 59
20 60
20 63
20 68
20 70
20 71
20 72
20 85
20 87
20 96
20 97
21 50
21 57
21 65
21 66
21 70
21 75
22 70
22 79
22 93
22 94
23 50
23 52
23 56
23 63
23 73
23 79
23 89
24 54
24 56
24 58
24 66
24 67
24 71
24 74
24 75
24 86
24 87
24 98
25 51
25 54
25 60
25 61
25 69
25 70
25 75
25 76
25 78
25 85
25 86
25 97
26 52
26 56
26 58
26 59
26 62
26 70
26 71
26 83
26 87
26 91
26 92
26 94
27 56
27 66
27 69
27 73
27 74
27 78
27 87
27 91
27 99
28 51
28 53
28 56
28 57
28 72
28 73
28 74
28 94
28 99
29 53
29 56
29 67
29 68
29 73
29 75
29 78
29 82
29 86
29 91
29 92
30 55
30 60
30 66
30 72
30 73
30 79
30 85
30 87
31 50
31 51
31 62
31 71
31 73
31 74
31 76
31 79
31 81
31 89
31 90
31 98
32 51
32 54
32 56
32 59
32 66
32 68
32 78
32 81
32 94
32 95
33 50
33 51
33 56
33 64
33 67
33 71
33 72
33 75
33 88
33 94
33 95
34 54
34 68
34 69
34 76
34 81
34 83
34 84
34 86
34 89
34 98
35 52
35 54
35 57
35 61
35 64
35 71
35 72
35 86
36 55
36 68
36 74
36 76
36 81
36 83
36 88
36 92
36 93
36 97
37 51
37 56
37 57
37 64
37 66
37 77
37 79
37 80
37 82
37 87
37 90
37 93
38 58
38 60
38 61
38 67
38 68
38 72
38 85
38 89
38 93
38 99
39 61
39 63
39 66
39 68
39 84
39 92
39 96
40 55
40 58
40 60
40 63
40 64
40 65
40 66
40 73
40 84
40 87
40 91
40 96
40 99
41 67
41 70
41 75
41 77
41 79
41 81
41 88
41 90
41 91
41 92
41 97
42 50
42 52
42 53
42 60
42 66
42 71
42 72
42 73
42 78
42 89
42 93
43 50
43 54
43 56
43 57
43 61
43 63
43 65
43 71
43 74
43 75
43 78
43 89
43 92
44 55
44 59
44 60
44 63
44 71
44 73
44 74
44 78
44 89
44 91
44 97
45 54
45 63
45 65
45 70
45 77
45 82
45 85
45 86
45 95
46 50
46 55
46 57
46 59
46 60
46 61
46 62
46 64
46 66
46 68
46 72
46 75
46 83
46 90
46 92
47 62
47 71
47 83
47 89
47 91
47 97
48 52
48 62
48 63
48 70
48 73
48 84
48 92
48 95
48 98
49 54
49 59
49 62
49 69
49 76
49 84
49 88
