100 1516
0 3
0 5
0 6
0 13
0 14
0 23
0 25
0 26
0 27
0 33
0 37
0 43
0 50
0 52
0 53
0 56
0 57
0 58
0 60
0 61
0 62
0 67
0 71
0 75
0 76
0 78
0 79
0 81
0 90
0 99
1 4
1 6
1 10
1 12
1 20
1 23
1 30
1 32
1 34
1 40
1 46
1 49
1 53
1 55
1 57
1 59
1 66
1 68
1 69
1 70
1 71
1 72
1 76
1 80
1 82
1 90
1 91
1 93
1 94
1 95
1 96
1 98
2 5
2 7
2 13
2 15
2 18
2 19
2 20
2 24
2 29
2 32
2 36
2 39
2 43
2 52
2 56
2 58
2 61
2 62
2 63
2 69
2 71
2 75
2 82
2 87
2 91
2 93
2 97
2 98
3 6
3 9
3 13
3 18
3 23
3 24
3 28
3 36
3 38
3 40
3 41
3 42
3 43
3 51
3 57
3 60
3 61
3 66
3 72
3 76
3 80
3 81
3 82
3 86
3 89
3 94
3 95
4 11
4 18
4 19
4 24
4 25
4 26
4 28
4 31
4 32
4 34
4 35
4 40
4 41
4 45
4 46
4 51
4 52
4 54
4 57
4 58
4 60
4 64
4 67
4 68
4 74
4 76
4 77
4 78
4 84
4 94
5 13
5 17
5 24
5 28
5 30
5 31
5 35
5 36
5 37
5 45
5 48
5 51
5 52
5 57
5 58
5 60
5 62
5 63
5 64
5 65
5 69
5 75
5 76
5 82
5 89
5 90
5 92
5 97
5 99
6 8
6 10
6 15
6 22
6 27
6 31
6 32
6 37
6 41
6 42
6 43
6 44
6 45
6 48
6 52
6 55
6 58
6 59
6 61
6 67
6 68
6 70
6 71
6 73
6 74
6 77
6 78
6 81
6 83
6 84
6 86
7 13
7 15
7 18
7 19
7 23
7 24
7 28
7 33
7 34
7 35
7 39
7 41
7 42
7 47
7 48
7 49
7 55
7 58
7 61
7 63
7 64
7 65
7 66
7 67
7 69
7 78
7 79
7 84
7 85
7 86
7 91
7 92
7 93
7 94
7 96
7 97
7 98
8 9
8 10
8 12
8 26
8 32
8 37
8 39
8 44
8 47
8 51
8 54
8 55
8 58
8 62
8 64
8 68
8 69
8 70
8 72
8 78
8 83
8 85
8 87
8 88
8 91
8 93
8 94
8 96
8 98
9 15
9 21
9 29
9 32
9 40
9 42
9 48
9 51
9 52
9 53
9 54
9 58
9 60
9 64
9 67
9 70
9 76
9 78
9 79
9 82
9 87
9 91
9 92
9 96
10 15
10 18
10 19
10 21
10 26
10 27
10 30
10 31
10 34
10 35
10 36
10 38
10 39
10 43
10 46
10 54
10 57
10 59
10 62
10 63
10 68
10 69
10 70
10 73
10 74
10 77
10 79
10 91
10 92
10 93
10 95
10 96
10 98
11 14
11 21
11 27
11 28
11 40
11 41
11 42
11 43
11 44
11 47
11 50
11 51
11 52
11 60
11 61
11 63
11 68
11 69
11 76
11 77
11 78
11 82
11 89
11 90
12 13
12 14
12 15
12 17
12 18
12 19
12 21
12 25
12 26
12 29
12 33
12 35
12 39
12 45
12 46
12 47
12 57
12 59
12 68
12 69
12 73
12 75
12 76
12 79
12 81
12 86
12 87
12 95
12 96
12 99
13 14
13 15
13 19
13 21
13 26
13 34
13 37
13 38
13 41
13 42
13 46
13 48
13 50
13 51
13 52
13 54
13 57
13 60
13 65
13 69
13 70
13 72
13 82
13 96
14 17
14 20
14 21
14 22
14 24
14 27
14 28
14 29
14 33
14 34
14 39
14 40
14 41
14 42
14 45
14 47
14 50
14 53
14 59
14 69
14 72
14 73
14 81
14 87
14 90
14 94
14 97
15 19
15 20
15 21
15 23
15 25
15 26
15 27
15 31
15 32
15 35
15 37
15 38
15 43
15 58
15 62
15 63
15 73
15 76
15 78
15 80
15 82
15 83
15 85
15 93
15 99
16 20
16 21
16 24
16 31
16 33
16 40
16 49
16 50
16 55
16 56
16 61
16 62
16 64
16 66
16 68
16 71
16 72
16 73
16 74
16 76
16 80
16 82
16 84
16 89
16 92
16 95
17 19
17 23
17 25
17 27
17 30
17 32
17 36
17 39
17 43
17 55
17 58
17 64
17 65
17 68
17 71
17 73
17 75
17 77
17 80
17 81
17 83
17 84
17 91
17 92
17 93
17 95
17 98
18 22
18 26
18 28
18 37
18 38
18 40
18 43
18 49
18 50
18 58
18 59
18 60
18 61
18 69
18 71
18 72
18 77
18 78
18 82
18 87
18 90
18 95
18 96
19 31
19 34
19 41
19 44
19 46
19 47
19 49
19 50
19 60
19 61
19 72
19 77
19 79
19 80
19 81
19 82
19 83
19 84
19 85
19 87
19 89
19 90
19 93
19 95
19 97
19 98
20 24
20 25
20 26
20 31
20 33
20 39
20 42
20 43
20 47
20 55
20 57
20 58
20 64
20 70
20 74
20 75
20 76
20 80
20 82
20 83
20 84
20 85
20 86
20 89
20 95
21 27
21 29
21 30
21 31
21 35
21 43
21 44
21 46
21 47
21 48
21 49
21 51
21 58
21 59
21 61
21 62
21 63
21 66
21 68
21 69
21 71
21 72
21 73
21 75
21 77
21 79
21 81
21 83
21 87
21 92
21 93
21 94
21 98
22 23
22 25
22 26
22 29
22 30
22 32
22 36
22 37
22 42
22 43
22 54
22 57
22 64
22 68
22 70
22 71
22 74
22 81
22 84
22 85
23 24
23 25
23 27
23 31
23 32
23 35
23 40
23 50
23 53
23 54
23 59
23 76
23 89
23 90
23 94
23 99
24 29
24 32
24 34
24 36
24 40
24 41
24 44
24 48
24 50
24 53
24 57
24 72
24 76
24 82
24 85
24 88
24 89
24 91
24 95
25 29
25 30
25 35
25 38
25 40
25 41
25 48
25 51
25 56
25 58
25 61
25 64
25 66
25 68
25 70
25 73
25 76
25 77
25 79
25 81
25 84
25 85
25 93
25 95
26 27
26 31
26 37
26 38
26 43
26 57
26 60
26 63
26 66
26 77
26 78
26 80
26 82
26 84
26 86
26 93
26 95
27 31
27 36
27 41
27 42
27 43
27 44
27 47
27 49
27 52
27 53
27 62
27 63
27 70
27 71
27 77
27 79
27 80
27 82
27 83
27 86
27 89
27 91
27 92
27 94
27 98
28 30
28 33
28 38
28 45
28 48
28 57
28 61
28 62
28 63
28 64
28 68
28 70
28 74
28 76
28 77
28 80
28 83
28 84
28 90
28 95
28 96
28 98
29 40
29 46
29 49
29 50
29 52
29 54
29 64
29 65
29 66
29 72
29 73
29 79
29 82
29 83
29 84
29 85
29 93
29 96
30 35
30 44
30 51
30 52
30 53
30 54
30 55
30 56
30 57
30 62
30 64
30 67
30 68
30 72
30 77
30 91
30 94
31 35
31 39
31 44
31 49
31 51
31 52
31 58
31 62
31 64
31 75
31 77
31 79
31 81
31 85
31 92
31 93
31 95
32 33
32 34
32 35
32 38
32 41
32 44
32 46
32 50
32 52
32 56
32 59
32 60
32 63
32 66
32 68
32 76
32 86
32 87
32 89
32 92
32 93
33 34
33 36
33 41
33 44
33 47
33 50
33 51
33 56
33 59
33 61
33 67
33 70
33 76
33 82
33 84
33 88
33 89
33 98
34 41
34 43
34 47
34 51
34 54
34 55
34 56
34 57
34 59
34 70
34 71
34 74
34 77
34 80
34 81
34 91
34 92
34 93
34 94
35 36
35 38
35 41
35 43
35 45
35 46
35 48
35 49
35 50
35 51
35 52
35 53
35 55
35 65
35 72
35 74
35 81
35 90
35 94
35 96
36 38
36 41
36 42
36 43
36 50
36 56
36 64
36 71
36 72
36 73
36 75
36 79
36 84
36 88
36 91
36 92
36 96
36 99
37 41
37 46
37 47
37 49
37 50
37 52
37 58
37 59
37 60
37 62
37 66
37 67
37 69
37 73
37 78
37 86
37 90
37 99
38 39
38 41
38 43
38 48
38 51
38 56
38 59
38 62
38 63
38 64
38 65
38 66
38 73
38 74
38 82
38 94
39 46
39 49
39 52
39 55
39 58
39 61
39 63
39 66
39 68
39 70
39 71
39 73
39 82
39 83
39 85
39 86
39 87
39 92
39 93
39 95
39 98
40 44
40 45
40 50
40 52
40 53
40 54
40 65
40 66
40 68
40 70
40 74
40 77
40 80
40 86
40 87
40 92
40 93
40 94
40 95
40 96
41 42
41 44
41 49
41 52
41 56
41 58
41 59
41 61
41 62
41 71
41 84
41 89
41 90
41 93
41 96
41 99
42 44
42 45
42 52
42 54
42 55
42 57
42 58
42 60
42 61
42 68
42 70
42 76
42 80
42 82
42 87
42 88
42 89
42 92
42 98
43 45
43 47
43 51
43 57
43 61
43 65
43 69
43 79
43 82
43 84
43 88
43 98
44 45
44 57
44 64
44 65
44 67
44 74
44 79
44 82
44 83
44 84
44 86
44 91
44 93
44 98
44 99
45 46
45 56
45 59
45 61
45 62
45 63
45 66
45 68
45 72
45 74
45 77
45 82
45 83
45 85
45 86
45 87
45 88
45 92
45 95
46 51
46 53
46 54
46 55
46 63
46 66
46 67
46 69
46 73
46 74
46 76
46 77
46 78
46 80
46 84
46 86
46 88
46 91
46 94
46 95
46 96
47 49
47 56
47 64
47 68
47 69
47 71
47 77
47 81
47 85
47 92
47 95
47 96
48 49
48 53
48 54
48 56
48 59
48 63
48 68
48 74
48 77
48 86
48 87
48 88
48 91
48 95
49 65
49 67
49 69
49 73
49 78
49 80
49 81
49 84
49 88
49 90
49 99
50 57
50 60
50 62
50 64
50 66
50 71
50 78
50 80
50 84
50 86
50 92
51 52
51 55
51 56
51 57
51 60
51 65
51 66
51 70
51 74
51 75
51 77
51 83
51 91
51 92
51 94
51 95
51 96
51 97
51 98
52 54
52 61
52 66
52 69
52 76
52 79
52 84
52 92
52 97
53 56
53 61
53 63
53 65
53 68
53 71
53 72
53 73
53 83
53 85
53 86
53 89
53 90
53 92
53 93
53 94
53 97
54 61
54 63
54 67
54 71
54 79
54 82
54 85
54 88
54 90
55 62
55 63
55 66
55 67
55 68
55 71
55 76
55 79
55 80
55 82
55 83
55 86
55 90
55 92
55 93
56 60
56 61
56 70
56 71
56 75
56 80
56 85
56 89
56 92
56 96
57 58
57 64
57 69
57 74
57 76
57 79
57 80
57 81
57 82
57 83
57 86
57 87
57 90
57 92
57 93
57 94
58 59
58 65
58 67
58 70
58 71
58 80
58 81
58 82
58 86
58 91
58 92
58 97
59 60
59 61
59 67
59 68
59 71
59 79
59 80
59 81
59 83
59 87
59 88
59 91
59 96
59 99
60 61
60 62
60 67
60 68
60 77
60 86
60 92
60 97
61 62
61 66
61 73
61 75
61 76
61 78
61 81
61 82
61 86
61 91
61 93
62 65
62 67
62 69
62 73
62 80
62 85
62 86
62 88
62 91
62 95
62 96
62 97
62 99
63 68
63 71
63 73
63 76
63 77
63 80
63 83
63 86
63 93
63 95
63 96
63 98
64 67
64 72
64 76
64 77
64 78
64 79
64 84
64 86
64 96
64 97
65 68
65 70
65 71
65 74
65 76
65 77
65 79
65 80
65 81
65 84
65 85
65 87
65 91
65 93
65 95
65 99
66 71
66 74
66 78
66 79
66 80
66 82
66 83
66 86
66 89
66 91
66 92
66 94
66 95
66 97
66 99
67 70
67 83
67 84
67 85
67 86
67 88
67 90
67 96
68 69
68 70
68 71
68 72
68 74
68 80
68 82
68 87
68 89
68 91
68 94
68 96
69 71
69 74
69 76
69 80
69 82
69 84
69 87
69 97
70 77
70 81
70 82
70 84
70 88
70 89
70 92
70 93
70 94
71 74
71 76
71 79
71 80
71 81
71 82
71 87
71 89
71 90
71 94
71 97
72 73
72 74
72 75
72 76
72 77
72 78
72 80
72 81
72 83
72 85
72 90
72 98
73 75
73 76
73 78
73 83
73 88
73 90
73 96
73 98
74 75
74 78
74 80
74 82
74 84
74 85
74 89
74 98
75 78
75 88
75 91
75 93
75 94
75 97
75 98
75 99
76 78
76 79
76 81
76 82
76 84
76 89
76 90
76 94
77 79
77 84
77 89
77 93
77 94
77 96
78 84
78 86
78 96
78 98
79 81
79 83
79 85
79 86
79 89
79 90
79 94
79 98
80 84
80 94
80 95
80 96
80 97
80 98
81 84
81 85
81 90
81 92
81 94
81 95
81 96
81 99
82 83
82 84
82 86
82 87
82 95
83 86
83 87
83 89
83 91
83 93
83 95
84 87
84 93
84 95
85 88
85 92
85 93
85 94
86 87
86 88
86 94
86 95
86 97
87 88
87 90
87 92
87 93
87 96
87 97
88 93
88 94
88 95
88 99
89 93
89 94
89 99
90 95
90 97
90 98
91 93
91 94
91 99
93 96
94 95
94 98
95 96
95 97
96 97
96 99
97 99
