200 1990
0 23
0 26
0 29
0 32
0 42
0 54
0 55
0 56
0 80
0 167
0 168
0 172
0 173
0 174
0 179
0 196
1 12
1 22
1 23
1 24
1 31
1 33
1 47
1 74
1 95
1 101
1 102
1 122
1 124
1 127
1 155
1 164
1 165
1 177
1 181
1 193
1 194
1 195
1 196
2 18
2 26
2 27
2 34
2 55
2 66
2 67
2 71
2 80
2 84
2 118
2 121
2 150
2 158
2 161
2 165
2 181
2 184
2 185
2 195
2 196
3 9
3 14
3 17
3 18
3 35
3 38
3 47
3 49
3 58
3 63
3 71
3 92
3 103
3 112
3 122
3 142
3 145
3 146
3 150
3 176
3 187
3 199
4 9
4 18
4 29
4 40
4 58
4 59
4 69
4 72
4 99
4 108
4 116
4 117
4 122
4 128
4 135
4 146
4 152
4 153
4 174
4 177
4 185
4 186
4 189
4 192
4 198
5 29
5 42
5 45
5 52
5 55
5 57
5 66
5 68
5 102
5 124
5 127
5 128
5 143
5 150
5 158
5 162
5 180
5 185
5 192
6 11
6 23
6 27
6 45
6 50
6 64
6 65
6 66
6 76
6 87
6 95
6 122
6 129
6 168
6 178
6 184
6 185
6 190
7 9
7 19
7 34
7 38
7 57
7 62
7 66
7 79
7 89
7 102
7 104
7 116
7 121
7 163
7 177
7 181
8 16
8 26
8 47
8 48
8 51
8 53
8 57
8 61
8 64
8 70
8 78
8 93
8 100
8 101
8 110
8 115
8 141
8 142
8 165
8 175
8 179
8 192
8 194
9 10
9 26
9 36
9 44
9 47
9 57
9 58
9 61
9 63
9 71
9 76
9 86
9 89
9 90
9 91
9 100
9 101
9 105
9 117
9 123
9 133
9 143
9 155
9 158
9 172
9 173
10 23
10 26
10 41
10 50
10 52
10 62
10 68
10 104
10 108
10 113
10 129
10 142
10 155
10 189
10 191
10 197
11 12
11 15
11 17
11 18
11 20
11 21
11 25
11 33
11 38
11 42
11 49
11 50
11 54
11 82
11 84
11 85
11 93
11 96
11 125
11 129
11 148
11 152
11 155
11 156
11 169
11 176
11 198
12 15
12 19
12 28
12 35
12 47
12 55
12 62
12 67
12 68
12 75
12 89
12 92
12 102
12 106
12 118
12 129
12 131
12 146
12 148
12 166
12 171
12 178
12 179
13 14
13 34
13 61
13 63
13 64
13 81
13 99
13 103
13 105
13 106
13 107
13 124
13 133
13 150
13 153
13 156
13 189
13 195
14 25
14 31
14 34
14 49
14 56
14 58
14 61
14 62
14 96
14 100
14 102
14 114
14 132
14 137
14 142
14 167
14 172
15 16
15 27
15 36
15 42
15 53
15 58
15 68
15 82
15 89
15 90
15 102
15 103
15 108
15 114
15 149
15 157
15 165
15 170
15 171
15 181
15 196
16 42
16 46
16 71
16 77
16 79
16 97
16 102
16 120
16 133
16 136
16 138
16 142
16 149
16 158
16 166
16 167
16 168
16 181
17 29
17 34
17 35
17 48
17 52
17 65
17 76
17 78
17 79
17 80
17 84
17 90
17 102
17 143
17 146
17 153
17 158
17 169
17 193
17 194
18 31
18 44
18 67
18 82
18 89
18 115
18 123
18 125
18 135
18 143
18 151
18 157
18 188
19 20
19 22
19 48
19 82
19 89
19 100
19 109
19 111
19 114
19 122
19 126
19 140
19 148
19 154
19 155
19 168
20 21
20 23
20 24
20 48
20 54
20 66
20 84
20 85
20 87
20 95
20 145
20 153
20 164
21 25
21 82
21 84
21 88
21 97
21 103
21 109
21 110
21 111
21 131
21 143
21 145
21 166
21 171
21 177
21 182
21 184
22 38
22 40
22 56
22 61
22 87
22 93
22 94
22 102
22 103
22 107
22 129
22 130
22 132
22 138
22 139
22 140
22 145
22 148
22 155
22 166
22 183
22 188
23 29
23 42
23 44
23 46
23 55
23 75
23 78
23 85
23 89
23 117
23 124
23 136
23 148
23 153
23 176
23 192
24 68
24 77
24 84
24 88
24 100
24 103
24 143
24 167
24 190
24 198
25 40
25 56
25 64
25 65
25 66
25 68
25 70
25 78
25 84
25 106
25 107
25 115
25 117
25 119
25 146
25 151
25 169
25 194
26 40
26 41
26 66
26 73
26 84
26 88
26 90
26 95
26 101
26 110
26 117
26 118
26 126
26 127
26 133
26 151
26 181
26 184
26 187
26 198
27 30
27 35
27 37
27 52
27 56
27 58
27 68
27 74
27 79
27 90
27 92
27 167
27 171
27 185
27 189
28 35
28 38
28 53
28 77
28 82
28 85
28 86
28 93
28 97
28 102
28 105
28 120
28 150
28 152
28 153
28 163
28 165
28 180
28 186
28 188
28 189
28 190
29 39
29 49
29 57
29 59
29 60
29 74
29 82
29 96
29 109
29 122
29 126
29 130
29 131
29 137
29 138
29 180
29 186
29 195
30 34
30 35
30 37
30 41
30 47
30 70
30 77
30 80
30 81
30 115
30 142
30 143
30 144
30 146
31 37
31 43
31 56
31 73
31 82
31 83
31 85
31 89
31 127
31 141
31 149
31 155
31 180
31 182
31 185
32 71
32 82
32 106
32 116
32 119
32 136
32 177
32 193
33 64
33 90
33 91
33 92
33 99
33 101
33 109
33 129
33 134
33 147
33 157
33 168
33 173
33 182
34 54
34 60
34 70
34 74
34 89
34 96
34 98
34 107
34 111
34 134
34 135
34 141
34 161
34 178
34 190
34 191
34 192
35 44
35 60
35 94
35 110
35 128
35 129
35 141
35 154
35 170
35 171
35 188
35 195
36 44
36 62
36 70
36 81
36 82
36 91
36 105
36 113
36 141
36 147
36 148
36 159
36 161
36 174
36 178
36 189
36 192
36 194
36 197
36 198
37 43
37 44
37 63
37 67
37 73
37 74
37 80
37 82
37 88
37 97
37 105
37 108
37 115
37 126
37 152
37 160
37 162
37 164
37 180
37 183
37 186
37 190
38 41
38 47
38 52
38 76
38 77
38 85
38 133
38 144
38 159
39 46
39 50
39 54
39 59
39 65
39 80
39 93
39 96
39 132
39 136
39 149
39 158
39 159
39 163
39 167
39 180
39 190
39 199
40 108
40 121
40 132
40 141
40 148
40 154
40 164
40 186
40 195
40 196
40 198
41 64
41 65
41 75
41 82
41 97
41 106
41 108
41 134
41 139
41 140
41 141
41 142
41 152
41 155
41 157
41 161
41 164
41 171
41 172
41 190
41 197
42 43
42 53
42 57
42 59
42 66
42 70
42 83
42 84
42 94
42 125
42 127
42 132
42 144
42 150
42 180
42 184
42 187
43 51
43 60
43 70
43 82
43 97
43 102
43 109
43 112
43 118
43 128
43 137
43 138
43 142
43 145
43 148
43 151
43 158
43 159
43 178
43 183
43 197
44 45
44 46
44 68
44 69
44 91
44 119
44 120
44 131
44 135
44 157
44 184
44 186
44 189
44 191
45 46
45 48
45 98
45 105
45 152
45 154
45 172
45 174
45 184
45 186
46 54
46 63
46 69
46 73
46 77
46 81
46 94
46 102
46 105
46 123
46 135
46 141
46 142
46 173
46 190
47 51
47 67
47 71
47 118
47 125
47 137
47 142
47 143
47 162
47 173
47 195
48 66
48 70
48 76
48 86
48 88
48 89
48 91
48 104
48 110
48 121
48 123
48 131
48 136
48 158
48 162
48 163
48 175
48 176
49 50
49 54
49 70
49 80
49 82
49 86
49 93
49 94
49 95
49 116
49 126
49 131
49 156
49 178
50 53
50 59
50 61
50 69
50 72
50 77
50 78
50 94
50 97
50 98
50 106
50 112
50 114
50 121
50 134
50 153
50 175
50 179
50 181
50 187
50 198
51 53
51 62
51 66
51 76
51 82
51 83
51 95
51 97
51 99
51 106
51 109
51 142
51 143
51 156
51 160
51 167
51 178
51 181
51 193
51 199
52 67
52 85
52 87
52 90
52 110
52 124
52 143
52 151
52 153
52 182
52 185
52 195
53 98
53 110
53 130
53 146
53 168
53 174
53 184
53 194
53 195
54 74
54 88
54 95
54 105
54 110
54 122
54 152
54 154
54 162
54 165
54 170
54 184
54 188
54 190
55 61
55 79
55 82
55 102
55 111
55 114
55 123
55 134
55 139
55 146
55 152
55 154
55 160
55 168
56 60
56 63
56 72
56 74
56 79
56 84
56 89
56 107
56 108
56 112
56 119
56 126
56 159
56 164
56 172
56 192
56 196
57 67
57 73
57 77
57 85
57 87
57 91
57 99
57 127
57 133
57 158
57 176
57 178
57 187
58 60
58 72
58 74
58 92
58 111
58 140
58 142
58 147
58 158
58 160
58 172
58 179
59 61
59 63
59 65
59 72
59 73
59 77
59 82
59 98
59 100
59 101
59 115
59 134
59 139
59 145
59 156
59 162
59 166
59 175
59 185
59 186
60 102
60 110
60 112
60 117
60 125
60 131
60 132
60 138
60 146
60 159
60 165
60 184
61 82
61 104
61 117
61 118
61 131
61 141
61 170
61 174
61 191
62 65
62 72
62 95
62 96
62 104
62 107
62 124
62 138
62 141
62 149
62 150
62 178
62 189
62 192
62 193
63 67
63 73
63 78
63 80
63 85
63 96
63 97
63 98
63 103
63 118
63 154
63 163
63 168
63 174
63 175
63 176
63 194
64 66
64 79
64 92
64 93
64 97
64 101
64 150
64 152
64 183
64 195
64 197
64 198
65 71
65 74
65 75
65 90
65 103
65 106
65 125
65 128
65 143
65 154
65 186
66 70
66 72
66 77
66 93
66 102
66 111
66 134
66 142
66 146
66 151
66 152
66 157
66 162
66 172
67 110
67 127
67 139
67 140
67 142
67 148
67 155
67 178
67 183
67 185
67 186
67 190
67 193
67 194
68 95
68 97
68 113
68 142
68 151
68 154
68 173
68 175
68 176
68 186
68 194
68 199
69 85
69 107
69 117
69 128
69 140
69 146
69 150
69 157
69 160
69 163
69 175
69 184
69 185
69 189
70 76
70 79
70 91
70 110
70 116
70 121
70 133
70 143
70 157
70 183
70 191
71 74
71 76
71 87
71 93
71 97
71 102
71 107
71 108
71 114
71 124
71 141
71 150
71 153
71 156
71 157
71 169
71 177
71 196
72 75
72 94
72 114
72 122
72 128
72 130
72 151
72 154
72 162
72 173
72 177
72 178
72 192
72 195
72 197
73 85
73 112
73 113
73 124
73 126
73 129
73 148
73 159
73 168
73 178
73 186
74 90
74 92
74 108
74 118
74 119
74 128
74 142
74 153
74 156
74 183
74 185
75 87
75 100
75 115
75 126
75 149
75 151
75 156
75 159
75 161
75 164
75 167
75 170
75 173
75 189
75 197
75 198
76 81
76 111
76 118
76 119
76 125
76 131
76 133
76 167
76 184
77 130
77 133
77 157
77 170
77 172
77 177
78 81
78 90
78 107
78 114
78 120
78 129
78 133
78 139
78 144
78 149
78 150
78 159
78 168
78 169
78 180
78 182
78 187
79 80
79 82
79 97
79 121
79 128
79 152
79 162
79 168
79 179
79 180
79 190
79 199
80 86
80 99
80 105
80 119
80 127
80 129
80 156
80 185
80 187
80 188
81 95
81 115
81 137
81 152
81 166
81 174
81 175
81 192
82 88
82 91
82 101
82 106
82 119
82 122
82 140
82 144
82 150
82 152
82 161
82 191
82 195
83 102
83 108
83 116
83 120
83 140
83 149
83 152
83 155
83 177
83 192
83 197
84 85
84 92
84 102
84 107
84 110
84 131
84 136
84 142
84 144
84 148
84 166
85 86
85 96
85 102
85 104
85 107
85 118
85 168
85 178
85 196
86 98
86 99
86 113
86 117
86 129
86 167
86 169
86 189
87 88
87 93
87 95
87 109
87 115
87 120
87 123
87 137
87 140
87 146
87 177
87 179
87 184
87 190
88 94
88 103
88 110
88 112
88 115
88 142
88 149
88 153
88 173
88 196
88 197
89 105
89 110
89 121
89 126
89 157
89 175
89 188
89 193
90 94
90 104
90 117
90 121
90 131
90 154
90 160
90 163
90 169
90 195
91 102
91 107
91 138
91 156
91 163
91 164
91 165
91 178
91 183
91 184
91 189
91 191
91 193
92 142
92 143
92 150
92 173
92 181
92 193
93 94
93 95
93 119
93 124
93 138
93 144
93 147
93 149
93 155
93 161
93 163
93 167
93 168
93 184
93 192
94 96
94 102
94 107
94 115
94 127
94 129
94 167
94 178
94 179
95 103
95 170
95 174
95 178
96 99
96 106
96 119
96 124
96 176
96 193
97 105
97 112
97 121
97 141
97 144
97 151
97 161
97 166
97 180
97 181
97 185
97 197
98 115
98 117
98 119
98 124
98 159
98 161
98 165
98 167
98 170
98 179
98 189
98 194
98 199
99 101
99 102
99 108
99 121
99 128
99 129
99 138
99 143
99 154
99 169
99 189
100 116
100 132
100 138
100 152
100 172
100 189
101 102
101 103
101 118
101 122
101 135
101 152
101 156
101 159
101 188
101 193
101 196
102 106
102 107
102 134
102 136
102 147
102 149
102 154
102 155
102 168
102 171
102 195
102 196
103 114
103 117
103 136
103 141
103 190
103 195
103 196
104 110
104 118
104 130
104 133
104 147
104 152
104 154
104 155
104 168
104 186
104 188
105 139
105 143
105 145
105 147
105 150
105 153
105 157
105 173
105 190
106 120
106 122
106 123
106 147
106 160
106 161
106 162
106 173
107 109
107 114
107 133
107 135
107 149
107 151
107 157
107 162
107 165
107 186
107 188
107 192
107 196
107 197
108 118
108 120
108 130
108 144
108 169
108 181
108 182
108 188
108 199
109 114
109 118
109 124
109 141
109 147
109 151
109 160
109 176
109 180
109 181
109 190
110 117
110 130
110 148
110 149
110 154
110 158
110 176
110 180
110 187
111 117
111 156
111 173
111 187
112 119
112 128
112 133
112 137
112 140
112 155
112 159
112 175
112 194
113 128
113 141
113 151
113 160
113 172
113 189
113 196
114 116
114 152
114 155
114 157
114 159
114 166
114 196
115 117
115 120
115 127
115 128
115 130
115 133
115 136
115 140
115 147
115 157
115 177
115 179
115 181
115 196
115 197
115 198
116 133
116 134
116 148
116 159
116 172
116 191
117 125
117 126
117 138
117 139
117 152
117 157
117 176
117 179
117 194
117 195
118 123
118 137
118 160
118 161
118 169
118 171
118 184
118 186
118 192
118 193
119 134
119 155
119 158
119 176
119 182
119 194
119 196
120 139
121 127
121 139
121 146
121 161
121 162
121 163
121 165
121 193
122 134
122 143
122 149
122 159
122 163
122 186
122 190
122 191
122 193
123 137
123 143
123 149
123 155
123 159
123 169
123 176
123 181
123 186
123 196
124 125
124 138
124 139
124 149
124 151
124 152
124 155
124 163
124 173
124 178
124 180
124 181
124 189
124 192
125 128
125 135
125 138
125 140
125 164
125 166
126 137
126 142
126 144
126 157
126 162
126 169
127 136
127 158
127 160
127 166
127 173
127 196
128 130
128 131
128 133
128 134
128 146
128 150
128 159
128 175
128 192
128 198
129 137
129 140
129 148
129 150
129 178
129 179
129 183
129 188
130 135
130 152
130 171
130 173
130 179
130 192
131 134
131 147
131 153
131 159
131 165
131 175
131 176
131 191
132 162
132 179
132 181
132 187
132 189
132 192
133 149
133 178
133 179
133 197
134 135
134 140
134 141
134 157
134 174
134 176
134 178
135 138
135 147
135 157
135 160
135 165
135 178
135 184
135 186
136 157
136 160
136 161
136 164
136 178
136 188
136 198
137 139
137 145
137 149
137 151
137 161
137 172
137 174
137 191
137 199
138 144
138 145
138 147
138 158
138 177
139 142
139 152
139 164
139 171
139 186
139 193
140 154
140 158
140 175
140 176
141 149
141 160
141 163
141 167
141 171
141 185
142 144
142 149
142 169
142 181
142 184
143 156
143 162
143 163
143 178
143 179
143 181
143 187
143 197
144 151
144 178
144 195
144 197
145 149
145 156
145 161
145 166
145 170
145 176
145 191
145 193
146 152
146 156
146 166
146 176
146 177
146 183
146 199
147 163
148 167
148 191
149 189
150 166
150 188
150 195
151 155
151 174
151 196
152 157
152 161
152 162
152 167
152 173
152 189
152 190
152 196
153 161
153 166
153 167
153 187
153 195
153 198
154 157
154 195
154 199
155 166
155 169
155 173
155 182
155 188
155 192
155 199
156 162
156 165
156 183
157 173
157 175
157 180
157 189
157 194
158 165
158 166
158 170
158 172
158 178
158 191
159 163
159 176
159 179
159 193
159 198
159 199
160 173
160 185
160 191
160 194
161 174
161 191
161 192
161 197
162 183
162 199
163 174
163 177
164 167
164 174
164 188
165 167
165 176
165 199
166 180
166 191
167 173
167 184
167 197
168 190
168 196
169 174
169 176
169 180
169 190
170 175
170 181
170 185
171 178
172 176
172 179
172 181
172 194
173 174
173 178
173 183
173 186
173 188
173 198
174 177
174 179
174 186
175 186
175 191
175 195
176 178
176 179
176 187
176 191
176 199
177 199
178 192
179 180
179 181
179 192
179 194
179 196
179 199
180 182
180 185
180 188
180 193
181 191
181 194
182 184
182 188
182 190
183 184
183 195
183 198
184 186
184 188
184 194
185 187
185 191
187 192
187 193
187 195
188 192
188 197
189 193
189 198
196 199
