Total solutions for N=9: 352

Solution 1: [0, 2, 5, 7, 1, 3, 8, 6, 4]
Solution 2: [0, 2, 6, 1, 7, 4, 8, 3, 5]
Solution 3: [0, 2, 7, 5, 8, 1, 4, 6, 3]
Solution 4: [0, 3, 1, 7, 5, 8, 2, 4, 6]
Solution 5: [0, 3, 5, 2, 8, 1, 7, 4, 6]
Solution 6: [0, 3, 5, 7, 1, 4, 2, 8, 6]
Solution 7: [0, 3, 6, 2, 7, 1, 4, 8, 5]
Solution 8: [0, 3, 6, 8, 1, 4, 7, 5, 2]
Solution 9: [0, 3, 7, 2, 8, 6, 4, 1, 5]
Solution 10: [0, 4, 1, 5, 8, 2, 7, 3, 6]
Solution 11: [0, 4, 6, 1, 5, 2, 8, 3, 7]
Solution 12: [0, 4, 6, 8, 2, 7, 1, 3, 5]
Solution 13: [0, 4, 6, 8, 3, 1, 7, 5, 2]
Solution 14: [0, 4, 8, 1, 5, 7, 2, 6, 3]
Solution 15: [0, 4, 8, 5, 3, 1, 7, 2, 6]
Solution 16: [0, 5, 1, 8, 6, 3, 7, 2, 4]
Solution 17: [0, 5, 3, 1, 6, 8, 2, 4, 7]
Solution 18: [0, 5, 3, 1, 7, 2, 8, 6, 4]
Solution 19: [0, 5, 7, 2, 6, 3, 1, 8, 4]
Solution 20: [0, 5, 7, 4, 1, 3, 8, 6, 2]
Solution 21: [0, 5, 8, 4, 1, 7, 2, 6, 3]
Solution 22: [0, 6, 3, 5, 8, 1, 4, 2, 7]
Solution 23: [0, 6, 3, 7, 2, 4, 8, 1, 5]
Solution 24: [0, 6, 3, 7, 2, 8, 5, 1, 4]
Solution 25: [0, 6, 4, 7, 1, 8, 2, 5, 3]
Solution 26: [0, 7, 3, 1, 6, 8, 5, 2, 4]
Solution 27: [0, 7, 4, 2, 5, 8, 1, 3, 6]
Solution 28: [0, 7, 4, 2, 8, 6, 1, 3, 5]
Solution 29: [1, 3, 0, 6, 8, 5, 2, 4, 7]
Solution 30: [1, 3, 6, 0, 2, 8, 5, 7, 4]
Solution 31: [1, 3, 7, 2, 8, 5, 0, 4, 6]
Solution 32: [1, 3, 8, 6, 2, 0, 5, 7, 4]
Solution 33: [1, 3, 8, 6, 4, 2, 0, 5, 7]
Solution 34: [1, 4, 6, 0, 2, 7, 5, 3, 8]
Solution 35: [1, 4, 6, 3, 0, 2, 8, 5, 7]
Solution 36: [1, 4, 6, 8, 2, 5, 3, 0, 7]
Solution 37: [1, 4, 6, 8, 3, 7, 0, 2, 5]
Solution 38: [1, 4, 7, 0, 2, 5, 8, 6, 3]
Solution 39: [1, 4, 7, 0, 8, 5, 2, 6, 3]
Solution 40: [1, 4, 7, 5, 8, 2, 0, 3, 6]
Solution 41: [1, 4, 7, 5, 8, 2, 0, 6, 3]
Solution 42: [1, 4, 8, 3, 0, 7, 5, 2, 6]
Solution 43: [1, 5, 0, 2, 6, 8, 3, 7, 4]
Solution 44: [1, 5, 0, 6, 3, 7, 2, 4, 8]
Solution 45: [1, 5, 0, 6, 4, 2, 8, 3, 7]
Solution 46: [1, 5, 0, 8, 4, 7, 3, 6, 2]
Solution 47: [1, 5, 2, 0, 7, 3, 8, 6, 4]
Solution 48: [1, 5, 8, 2, 4, 7, 3, 0, 6]
Solution 49: [1, 6, 4, 0, 8, 3, 5, 7, 2]
Solution 50: [1, 6, 4, 7, 0, 3, 5, 2, 8]
Solution 51: [1, 6, 8, 5, 2, 0, 3, 7, 4]
Solution 52: [1, 7, 0, 3, 6, 8, 5, 2, 4]
Solution 53: [1, 7, 4, 2, 8, 5, 3, 0, 6]
Solution 54: [1, 7, 5, 8, 2, 0, 3, 6, 4]
Solution 55: [1, 8, 4, 2, 7, 3, 6, 0, 5]
Solution 56: [1, 8, 5, 2, 4, 7, 0, 3, 6]
Solution 57: [1, 8, 5, 2, 6, 3, 0, 7, 4]
Solution 58: [1, 8, 5, 3, 6, 0, 2, 4, 7]
Solution 59: [2, 0, 3, 6, 8, 1, 4, 7, 5]
Solution 60: [2, 0, 5, 7, 4, 1, 3, 8, 6]
Solution 61: [2, 0, 6, 1, 7, 5, 3, 8, 4]
Solution 62: [2, 0, 6, 4, 7, 1, 3, 5, 8]
Solution 63: [2, 0, 7, 3, 8, 6, 4, 1, 5]
Solution 64: [2, 0, 8, 6, 4, 1, 7, 5, 3]
Solution 65: [2, 4, 1, 7, 0, 3, 6, 8, 5]
Solution 66: [2, 4, 1, 7, 0, 6, 3, 5, 8]
Solution 67: [2, 4, 6, 0, 3, 1, 7, 5, 8]
Solution 68: [2, 4, 7, 1, 8, 5, 0, 6, 3]
Solution 69: [2, 4, 7, 1, 8, 6, 0, 3, 5]
Solution 70: [2, 4, 8, 1, 3, 6, 0, 7, 5]
Solution 71: [2, 4, 8, 3, 0, 6, 1, 5, 7]
Solution 72: [2, 5, 1, 6, 0, 3, 7, 4, 8]
Solution 73: [2, 5, 1, 8, 4, 0, 7, 3, 6]
Solution 74: [2, 5, 7, 0, 3, 6, 4, 1, 8]
Solution 75: [2, 5, 7, 0, 4, 8, 1, 3, 6]
Solution 76: [2, 5, 7, 1, 3, 8, 6, 4, 0]
Solution 77: [2, 5, 7, 4, 0, 8, 6, 1, 3]
Solution 78: [2, 5, 7, 4, 1, 8, 6, 3, 0]
Solution 79: [2, 5, 8, 0, 7, 3, 1, 6, 4]
Solution 80: [2, 5, 8, 1, 4, 6, 3, 0, 7]
Solution 81: [2, 5, 8, 1, 7, 0, 3, 6, 4]
Solution 82: [2, 5, 8, 4, 7, 0, 3, 1, 6]
Solution 83: [2, 5, 8, 6, 0, 3, 1, 4, 7]
Solution 84: [2, 5, 8, 6, 1, 3, 7, 0, 4]
Solution 85: [2, 5, 8, 6, 3, 0, 7, 1, 4]
Solution 86: [2, 6, 1, 3, 7, 0, 4, 8, 5]
Solution 87: [2, 6, 1, 7, 4, 8, 0, 5, 3]
Solution 88: [2, 6, 1, 7, 5, 3, 0, 4, 8]
Solution 89: [2, 6, 3, 1, 8, 4, 0, 7, 5]
Solution 90: [2, 6, 3, 1, 8, 5, 0, 4, 7]
Solution 91: [2, 6, 3, 7, 4, 8, 0, 5, 1]
Solution 92: [2, 6, 8, 0, 4, 1, 7, 5, 3]
Solution 93: [2, 6, 8, 3, 1, 4, 7, 5, 0]
Solution 94: [2, 7, 1, 3, 8, 6, 4, 0, 5]
Solution 95: [2, 7, 3, 6, 8, 1, 4, 0, 5]
Solution 96: [2, 7, 5, 0, 8, 1, 4, 6, 3]
Solution 97: [2, 7, 5, 3, 8, 0, 4, 6, 1]
Solution 98: [2, 7, 5, 8, 1, 4, 0, 3, 6]
Solution 99: [2, 8, 1, 4, 7, 0, 6, 3, 5]
Solution 100: [2, 8, 3, 0, 7, 5, 1, 6, 4]
Solution 101: [2, 8, 3, 1, 7, 5, 0, 6, 4]
Solution 102: [2, 8, 3, 7, 4, 1, 5, 0, 6]
Solution 103: [2, 8, 5, 1, 4, 6, 0, 3, 7]
Solution 104: [2, 8, 5, 3, 0, 6, 4, 1, 7]
Solution 105: [2, 8, 5, 7, 1, 3, 0, 6, 4]
Solution 106: [3, 0, 2, 5, 8, 1, 7, 4, 6]
Solution 107: [3, 0, 4, 1, 8, 6, 2, 7, 5]
Solution 108: [3, 0, 4, 7, 1, 6, 2, 5, 8]
Solution 109: [3, 0, 4, 8, 1, 5, 7, 2, 6]
Solution 110: [3, 0, 6, 8, 1, 5, 7, 2, 4]
Solution 111: [3, 0, 8, 5, 2, 6, 1, 7, 4]
Solution 112: [3, 1, 4, 7, 0, 2, 5, 8, 6]
Solution 113: [3, 1, 6, 2, 0, 7, 4, 8, 5]
Solution 114: [3, 1, 6, 8, 0, 4, 7, 5, 2]
Solution 115: [3, 1, 6, 8, 0, 7, 4, 2, 5]
Solution 116: [3, 1, 7, 2, 8, 6, 4, 0, 5]
Solution 117: [3, 1, 8, 2, 5, 7, 0, 4, 6]
Solution 118: [3, 1, 8, 4, 0, 7, 5, 2, 6]
Solution 119: [3, 5, 0, 4, 1, 7, 2, 6, 8]
Solution 120: [3, 5, 0, 8, 4, 7, 1, 6, 2]
Solution 121: [3, 5, 0, 8, 6, 2, 7, 1, 4]
Solution 122: [3, 5, 2, 8, 1, 4, 7, 0, 6]
Solution 123: [3, 5, 2, 8, 1, 7, 4, 6, 0]
Solution 124: [3, 5, 2, 8, 6, 0, 7, 1, 4]
Solution 125: [3, 5, 7, 1, 4, 0, 8, 6, 2]
Solution 126: [3, 5, 7, 1, 4, 6, 8, 0, 2]
Solution 127: [3, 5, 7, 1, 6, 0, 2, 4, 8]
Solution 128: [3, 5, 7, 2, 0, 6, 4, 1, 8]
Solution 129: [3, 5, 8, 2, 0, 7, 1, 4, 6]
Solution 130: [3, 6, 0, 2, 8, 5, 7, 4, 1]
Solution 131: [3, 6, 0, 5, 8, 1, 7, 4, 2]
Solution 132: [3, 6, 0, 7, 4, 1, 8, 2, 5]
Solution 133: [3, 6, 2, 5, 8, 0, 7, 4, 1]
Solution 134: [3, 6, 2, 7, 1, 4, 8, 5, 0]
Solution 135: [3, 6, 2, 7, 5, 0, 8, 1, 4]
Solution 136: [3, 6, 2, 7, 5, 1, 8, 4, 0]
Solution 137: [3, 6, 4, 1, 8, 0, 2, 7, 5]
Solution 138: [3, 6, 4, 1, 8, 0, 5, 7, 2]
Solution 139: [3, 6, 4, 1, 8, 5, 7, 2, 0]
Solution 140: [3, 6, 8, 1, 4, 7, 0, 2, 5]
Solution 141: [3, 6, 8, 1, 5, 0, 2, 4, 7]
Solution 142: [3, 6, 8, 5, 2, 0, 7, 4, 1]
Solution 143: [3, 7, 0, 4, 6, 1, 5, 2, 8]
Solution 144: [3, 7, 4, 2, 0, 5, 1, 8, 6]
Solution 145: [3, 7, 4, 2, 0, 6, 1, 5, 8]
Solution 146: [3, 8, 2, 5, 1, 6, 4, 0, 7]
Solution 147: [3, 8, 4, 2, 0, 5, 7, 1, 6]
Solution 148: [3, 8, 4, 2, 0, 6, 1, 7, 5]
Solution 149: [3, 8, 4, 7, 0, 2, 5, 1, 6]
Solution 150: [4, 0, 5, 3, 1, 7, 2, 8, 6]
Solution 151: [4, 0, 7, 3, 1, 6, 8, 5, 2]
Solution 152: [4, 0, 7, 5, 2, 6, 1, 3, 8]
Solution 153: [4, 1, 3, 0, 6, 8, 2, 5, 7]
Solution 154: [4, 1, 3, 8, 6, 2, 0, 5, 7]
Solution 155: [4, 1, 5, 0, 2, 6, 8, 3, 7]
Solution 156: [4, 1, 5, 8, 2, 7, 3, 6, 0]
Solution 157: [4, 1, 5, 8, 6, 3, 0, 2, 7]
Solution 158: [4, 1, 7, 0, 3, 6, 8, 5, 2]
Solution 159: [4, 1, 7, 0, 6, 8, 2, 5, 3]
Solution 160: [4, 1, 7, 2, 6, 3, 0, 8, 5]
Solution 161: [4, 1, 7, 2, 6, 8, 0, 5, 3]
Solution 162: [4, 1, 8, 0, 5, 7, 2, 6, 3]
Solution 163: [4, 1, 8, 5, 2, 6, 3, 0, 7]
Solution 164: [4, 2, 0, 5, 1, 8, 6, 3, 7]
Solution 165: [4, 2, 0, 5, 7, 1, 3, 6, 8]
Solution 166: [4, 2, 0, 6, 1, 7, 5, 3, 8]
Solution 167: [4, 2, 5, 8, 1, 7, 0, 3, 6]
Solution 168: [4, 2, 5, 8, 6, 0, 3, 1, 7]
Solution 169: [4, 2, 5, 8, 6, 1, 3, 7, 0]
Solution 170: [4, 2, 5, 8, 6, 3, 0, 7, 1]
Solution 171: [4, 2, 7, 3, 1, 8, 5, 0, 6]
Solution 172: [4, 2, 7, 3, 6, 8, 1, 5, 0]
Solution 173: [4, 2, 7, 5, 1, 8, 0, 3, 6]
Solution 174: [4, 2, 7, 5, 1, 8, 6, 0, 3]
Solution 175: [4, 2, 8, 3, 1, 7, 5, 0, 6]
Solution 176: [4, 2, 8, 5, 7, 1, 3, 0, 6]
Solution 177: [4, 6, 0, 3, 1, 7, 5, 8, 2]
Solution 178: [4, 6, 0, 5, 7, 1, 3, 8, 2]
Solution 179: [4, 6, 1, 3, 7, 0, 2, 8, 5]
Solution 180: [4, 6, 1, 3, 7, 0, 8, 5, 2]
Solution 181: [4, 6, 1, 5, 2, 0, 7, 3, 8]
Solution 182: [4, 6, 1, 5, 7, 0, 3, 8, 2]
Solution 183: [4, 6, 3, 0, 2, 5, 8, 1, 7]
Solution 184: [4, 6, 3, 0, 2, 7, 5, 1, 8]
Solution 185: [4, 6, 3, 0, 2, 8, 5, 7, 1]
Solution 186: [4, 6, 3, 0, 7, 1, 8, 5, 2]
Solution 187: [4, 6, 8, 2, 7, 1, 3, 5, 0]
Solution 188: [4, 6, 8, 3, 1, 7, 5, 2, 0]
Solution 189: [4, 6, 8, 3, 7, 0, 2, 5, 1]
Solution 190: [4, 7, 0, 3, 6, 2, 5, 8, 1]
Solution 191: [4, 7, 0, 8, 3, 1, 6, 2, 5]
Solution 192: [4, 7, 1, 6, 2, 0, 8, 3, 5]
Solution 193: [4, 7, 1, 6, 2, 5, 8, 0, 3]
Solution 194: [4, 7, 1, 8, 2, 0, 6, 3, 5]
Solution 195: [4, 7, 1, 8, 5, 2, 0, 3, 6]
Solution 196: [4, 7, 3, 0, 2, 5, 8, 6, 1]
Solution 197: [4, 7, 3, 0, 6, 1, 5, 2, 8]
Solution 198: [4, 7, 3, 8, 6, 2, 0, 5, 1]
Solution 199: [4, 7, 5, 0, 2, 6, 8, 3, 1]
Solution 200: [4, 7, 5, 8, 2, 0, 6, 3, 1]
Solution 201: [4, 8, 1, 3, 6, 2, 7, 5, 0]
Solution 202: [4, 8, 1, 5, 7, 2, 0, 3, 6]
Solution 203: [4, 8, 3, 5, 7, 1, 6, 0, 2]
Solution 204: [5, 0, 4, 1, 8, 6, 3, 7, 2]
Solution 205: [5, 0, 4, 6, 8, 2, 7, 1, 3]
Solution 206: [5, 0, 4, 6, 8, 3, 1, 7, 2]
Solution 207: [5, 0, 6, 3, 7, 2, 4, 8, 1]
Solution 208: [5, 1, 4, 6, 8, 2, 7, 3, 0]
Solution 209: [5, 1, 4, 6, 8, 3, 7, 0, 2]
Solution 210: [5, 1, 8, 4, 2, 7, 3, 6, 0]
Solution 211: [5, 2, 0, 3, 6, 8, 1, 4, 7]
Solution 212: [5, 2, 0, 7, 3, 8, 6, 4, 1]
Solution 213: [5, 2, 0, 7, 4, 1, 8, 6, 3]
Solution 214: [5, 2, 4, 7, 0, 3, 1, 6, 8]
Solution 215: [5, 2, 4, 7, 0, 8, 3, 1, 6]
Solution 216: [5, 2, 4, 7, 0, 8, 6, 1, 3]
Solution 217: [5, 2, 6, 1, 3, 7, 0, 4, 8]
Solution 218: [5, 2, 6, 1, 3, 8, 0, 7, 4]
Solution 219: [5, 2, 6, 1, 7, 4, 0, 3, 8]
Solution 220: [5, 2, 6, 3, 0, 8, 1, 4, 7]
Solution 221: [5, 2, 8, 1, 4, 7, 0, 6, 3]
Solution 222: [5, 2, 8, 3, 0, 7, 1, 4, 6]
Solution 223: [5, 2, 8, 6, 0, 3, 1, 4, 7]
Solution 224: [5, 3, 0, 6, 8, 1, 7, 4, 2]
Solution 225: [5, 3, 1, 6, 8, 2, 4, 7, 0]
Solution 226: [5, 3, 1, 7, 2, 8, 6, 4, 0]
Solution 227: [5, 3, 1, 7, 4, 2, 0, 8, 6]
Solution 228: [5, 3, 1, 7, 4, 8, 0, 2, 6]
Solution 229: [5, 3, 6, 0, 2, 8, 1, 7, 4]
Solution 230: [5, 3, 6, 0, 7, 1, 4, 2, 8]
Solution 231: [5, 3, 6, 0, 7, 4, 1, 8, 2]
Solution 232: [5, 3, 8, 0, 2, 6, 1, 7, 4]
Solution 233: [5, 3, 8, 0, 4, 1, 7, 2, 6]
Solution 234: [5, 3, 8, 4, 7, 1, 6, 2, 0]
Solution 235: [5, 7, 0, 4, 8, 1, 3, 6, 2]
Solution 236: [5, 7, 0, 6, 3, 1, 8, 4, 2]
Solution 237: [5, 7, 1, 6, 0, 2, 4, 8, 3]
Solution 238: [5, 7, 2, 0, 8, 1, 4, 6, 3]
Solution 239: [5, 7, 2, 0, 8, 4, 1, 3, 6]
Solution 240: [5, 7, 2, 6, 8, 1, 4, 0, 3]
Solution 241: [5, 7, 4, 1, 8, 6, 3, 0, 2]
Solution 242: [5, 8, 0, 3, 6, 2, 7, 1, 4]
Solution 243: [5, 8, 2, 0, 7, 3, 1, 6, 4]
Solution 244: [5, 8, 4, 0, 7, 3, 1, 6, 2]
Solution 245: [5, 8, 4, 1, 7, 2, 6, 3, 0]
Solution 246: [5, 8, 4, 7, 0, 2, 6, 1, 3]
Solution 247: [5, 8, 6, 3, 0, 7, 1, 4, 2]
Solution 248: [6, 0, 3, 1, 7, 5, 8, 2, 4]
Solution 249: [6, 0, 3, 5, 8, 2, 4, 7, 1]
Solution 250: [6, 0, 3, 7, 4, 2, 8, 5, 1]
Solution 251: [6, 0, 5, 1, 4, 7, 3, 8, 2]
Solution 252: [6, 0, 5, 7, 1, 3, 8, 2, 4]
Solution 253: [6, 0, 5, 8, 1, 3, 7, 2, 4]
Solution 254: [6, 0, 7, 4, 1, 8, 2, 5, 3]
Solution 255: [6, 1, 3, 0, 7, 4, 8, 5, 2]
Solution 256: [6, 1, 3, 5, 0, 8, 4, 2, 7]
Solution 257: [6, 1, 3, 8, 0, 7, 4, 2, 5]
Solution 258: [6, 1, 5, 2, 0, 7, 4, 8, 3]
Solution 259: [6, 1, 7, 5, 0, 2, 4, 8, 3]
Solution 260: [6, 2, 0, 5, 7, 4, 1, 3, 8]
Solution 261: [6, 2, 0, 8, 4, 7, 1, 3, 5]
Solution 262: [6, 2, 5, 1, 4, 0, 8, 3, 7]
Solution 263: [6, 2, 5, 7, 0, 3, 8, 4, 1]
Solution 264: [6, 2, 5, 7, 0, 4, 8, 1, 3]
Solution 265: [6, 2, 7, 1, 3, 5, 8, 4, 0]
Solution 266: [6, 2, 7, 1, 4, 0, 8, 3, 5]
Solution 267: [6, 2, 7, 5, 1, 8, 4, 0, 3]
Solution 268: [6, 3, 0, 2, 5, 8, 1, 7, 4]
Solution 269: [6, 3, 0, 2, 7, 5, 1, 8, 4]
Solution 270: [6, 3, 0, 2, 8, 5, 7, 4, 1]
Solution 271: [6, 3, 0, 4, 1, 8, 5, 7, 2]
Solution 272: [6, 3, 0, 7, 1, 8, 5, 2, 4]
Solution 273: [6, 3, 0, 7, 4, 2, 5, 8, 1]
Solution 274: [6, 3, 0, 8, 1, 5, 7, 2, 4]
Solution 275: [6, 3, 1, 4, 7, 0, 2, 5, 8]
Solution 276: [6, 3, 1, 4, 8, 0, 2, 7, 5]
Solution 277: [6, 3, 1, 7, 5, 0, 2, 4, 8]
Solution 278: [6, 3, 1, 8, 4, 0, 7, 5, 2]
Solution 279: [6, 3, 1, 8, 5, 2, 4, 7, 0]
Solution 280: [6, 3, 7, 0, 4, 8, 1, 5, 2]
Solution 281: [6, 3, 7, 2, 8, 5, 1, 4, 0]
Solution 282: [6, 4, 0, 5, 8, 2, 7, 3, 1]
Solution 283: [6, 4, 0, 7, 5, 2, 8, 1, 3]
Solution 284: [6, 4, 1, 7, 0, 2, 8, 5, 3]
Solution 285: [6, 4, 1, 7, 0, 3, 8, 2, 5]
Solution 286: [6, 4, 2, 8, 5, 7, 1, 3, 0]
Solution 287: [6, 4, 7, 1, 8, 2, 5, 3, 0]
Solution 288: [6, 4, 7, 1, 8, 5, 2, 0, 3]
Solution 289: [6, 8, 0, 2, 4, 7, 1, 3, 5]
Solution 290: [6, 8, 1, 5, 0, 2, 4, 7, 3]
Solution 291: [6, 8, 2, 4, 1, 7, 5, 3, 0]
Solution 292: [6, 8, 2, 7, 1, 3, 5, 0, 4]
Solution 293: [6, 8, 3, 1, 4, 7, 5, 0, 2]
Solution 294: [6, 8, 5, 2, 0, 7, 4, 1, 3]
Solution 295: [7, 0, 3, 5, 2, 8, 6, 4, 1]
Solution 296: [7, 0, 3, 6, 2, 5, 8, 1, 4]
Solution 297: [7, 0, 3, 6, 4, 1, 8, 5, 2]
Solution 298: [7, 0, 4, 6, 1, 5, 2, 8, 3]
Solution 299: [7, 1, 3, 0, 6, 8, 5, 2, 4]
Solution 300: [7, 1, 4, 6, 0, 3, 5, 8, 2]
Solution 301: [7, 1, 8, 5, 2, 0, 3, 6, 4]
Solution 302: [7, 2, 0, 3, 6, 8, 5, 1, 4]
Solution 303: [7, 2, 4, 1, 8, 5, 3, 6, 0]
Solution 304: [7, 2, 4, 8, 0, 5, 3, 1, 6]
Solution 305: [7, 3, 0, 6, 4, 1, 5, 8, 2]
Solution 306: [7, 3, 6, 8, 1, 5, 0, 2, 4]
Solution 307: [7, 3, 8, 0, 4, 1, 5, 2, 6]
Solution 308: [7, 3, 8, 2, 4, 6, 0, 5, 1]
Solution 309: [7, 3, 8, 2, 5, 1, 6, 4, 0]
Solution 310: [7, 3, 8, 6, 2, 0, 5, 1, 4]
Solution 311: [7, 4, 0, 5, 8, 1, 3, 6, 2]
Solution 312: [7, 4, 1, 3, 0, 6, 8, 2, 5]
Solution 313: [7, 4, 1, 3, 0, 6, 8, 5, 2]
Solution 314: [7, 4, 1, 8, 0, 3, 6, 2, 5]
Solution 315: [7, 4, 1, 8, 6, 3, 0, 2, 5]
Solution 316: [7, 4, 2, 0, 5, 1, 8, 6, 3]
Solution 317: [7, 4, 2, 0, 6, 3, 5, 8, 1]
Solution 318: [7, 4, 2, 5, 8, 6, 0, 3, 1]
Solution 319: [7, 4, 2, 8, 6, 1, 3, 5, 0]
Solution 320: [7, 5, 0, 2, 4, 6, 8, 3, 1]
Solution 321: [7, 5, 0, 2, 6, 8, 3, 1, 4]
Solution 322: [7, 5, 1, 6, 0, 3, 8, 4, 2]
Solution 323: [7, 5, 2, 8, 6, 0, 3, 1, 4]
Solution 324: [7, 5, 8, 2, 0, 3, 6, 4, 1]
Solution 325: [8, 1, 4, 6, 0, 2, 7, 5, 3]
Solution 326: [8, 1, 4, 6, 3, 0, 7, 5, 2]
Solution 327: [8, 1, 5, 7, 2, 0, 3, 6, 4]
Solution 328: [8, 2, 4, 1, 7, 0, 6, 3, 5]
Solution 329: [8, 2, 5, 1, 6, 0, 3, 7, 4]
Solution 330: [8, 2, 5, 1, 6, 4, 0, 7, 3]
Solution 331: [8, 2, 5, 3, 0, 7, 4, 6, 1]
Solution 332: [8, 3, 0, 4, 7, 1, 6, 2, 5]
Solution 333: [8, 3, 1, 4, 7, 5, 0, 2, 6]
Solution 334: [8, 3, 1, 6, 2, 5, 7, 0, 4]
Solution 335: [8, 3, 5, 7, 1, 6, 0, 2, 4]
Solution 336: [8, 3, 5, 7, 2, 0, 6, 4, 1]
Solution 337: [8, 3, 7, 0, 2, 5, 1, 6, 4]
Solution 338: [8, 4, 0, 3, 5, 7, 1, 6, 2]
Solution 339: [8, 4, 0, 7, 3, 1, 6, 2, 5]
Solution 340: [8, 4, 2, 0, 5, 7, 1, 3, 6]
Solution 341: [8, 4, 2, 0, 6, 1, 7, 5, 3]
Solution 342: [8, 4, 2, 7, 3, 6, 0, 5, 1]
Solution 343: [8, 4, 7, 3, 0, 6, 1, 5, 2]
Solution 344: [8, 5, 1, 6, 0, 2, 4, 7, 3]
Solution 345: [8, 5, 2, 0, 7, 4, 1, 3, 6]
Solution 346: [8, 5, 2, 6, 1, 7, 4, 0, 3]
Solution 347: [8, 5, 3, 1, 7, 4, 6, 0, 2]
Solution 348: [8, 5, 3, 6, 0, 7, 1, 4, 2]
Solution 349: [8, 5, 7, 1, 3, 0, 6, 4, 2]
Solution 350: [8, 6, 1, 3, 0, 7, 4, 2, 5]
Solution 351: [8, 6, 2, 7, 1, 4, 0, 5, 3]
Solution 352: [8, 6, 3, 1, 7, 5, 0, 2, 4]
